 107    0    0    0    0    1    0    0    0    0    1    7    0    4    3  159    3   31    2    0
   0  152    4   18    2   47    0    1    1    0    0  130    1    4    8   17    1    3    0    0
   0    8  125   47    1   38    0    1    0    1    1  129    1    3    8   23    2    2    1    0
   0    2   13  241    6    4    3    3    0    0    1   90   14    3    3    5    3    1    0    0
   0    5    2   51  142    4    4    3    0    1    0  112    8    8    6   17    7   11    2    0
   0   11    3    7    0  280    0    0    1    0    0   68    0    2    5    7    1    4    1    0
   0    4    4   48   12    2  155   29    5    1    2   49   13    3   13   13   10   15    4    0
   1    1    0    0    0    0    2  298    4    1    0   15    1    3    6   15   34   12    2    0
   0    0    0    0    0    0    0   14  313    0    0   11    0    3    1   13   20   22    0    0
   0    0    1    0    1    1    0    1    0  280   19   22    0    3    0   34    9   24    2    0
   0    0    0    0    0    1    0    0    0    2  374    3    0    2    0    7    4    6    0    0
   0    3    0    0    0    0    0    0    0    1    0  378    0    0    1    5    3    4    0    0
   0    5    0    9    2    1    1    7    2    0    0  148  140   14   11   20   12   21    0    0
   0    4    0    2    0    0    2    1    0    0    0    6    2  288    3   60    8   16    1    0
   0    1    0    0    0    1    0    0    0    0    1   20    3    4  317   17    4   22    2    0
   1    0    0    0    1    0    0    0    0    0    0    0    0    0    1  391    2    2    0    0
   0    0    0    0    0    0    1    0    1    1    0    9    0    0    0    6  322   22    1    1
   1    0    0    0    1    0    0    1    0    1    1    3    0    0    0    7    4  356    1    0
   0    0    0    0    1    0    0    0    0    0    0    8    0    1    7   22   97   42  132    0
  12    1    0    0    0    0    0    0    0    0    0    5    0    1    5  166   25   16    3   17
